0.0625
0.06252
0.06304
0.06356
0.06409
0.06462
0.06516
0.0657
0.06625
0.06667
0.0668
0.06735
0.06791
0.06848
0.06905
0.06962
0.0702
0.07079
0.07138
0.07143
0.07197
0.07257
0.07317
0.07378
0.07439
0.07501
0.07564
0.07627
0.0769
0.07692
0.07754
0.07819
0.07884
0.07949
0.08015
0.08082
0.08149
0.08217
0.08285
0.08333
0.08354
0.08424
0.08494
0.08564
0.08636
0.08707
0.0878
0.08853
0.08927
0.09001
0.09076
0.09091
0.09151
0.09227
0.09304
0.09381
0.09459
0.09538
0.09618
0.09698
0.09778
0.0986
0.09942
0.1
0.10024
0.10108
0.10192
0.10276
0.10362
0.10448
0.10535
0.10623
0.10711
0.108
0.1089
0.10981
0.11072
0.11111
0.11164
0.11257
0.1135
0.11445
0.1154
0.11636
0.11733
0.1183
0.11929
0.12028
0.12128
0.12229
0.12331
0.12433
0.125
0.12537
0.12641
0.12746
0.12852
0.12959
0.13067
0.13176
0.13285
0.13396
0.13507
0.13619
0.13733
0.13847
0.13962
0.14078
0.14195
0.14286
0.14313
0.14433
0.14553
0.14674
0.14796
0.14919
0.15043
0.15168
0.15294
0.15421
0.1555
0.15679
0.15809
0.15941
0.16074
0.16207
0.16342
0.16478
0.16615
0.16667
0.16753
0.16893
0.17033
0.17175
0.17318
0.17462
0.17607
0.17753
0.17901
0.1805
0.182
0.18352
0.18504
0.18658
0.18813
0.1897
0.19128
0.19287
0.19447
0.19609
0.19772
0.19936
0.2
0.20102
0.2027
0.20438
0.20608
0.2078
0.20952
0.21127
0.21302
0.2148
0.21658
0.21838
0.2202
0.22203
0.22388
0.22574
0.22762
0.22951
0.23142
0.23335
0.23529
0.23724
0.23922
0.24121
0.24321
0.24524
0.24728
0.24933
0.25
0.25141
0.2535
0.25561
0.25773
0.25988
0.26204
0.26422
0.26642
0.26863
0.27087
0.27312
0.27539
0.27768
0.27999
0.28232
0.28467
0.28704
0.28943
0.29183
0.29426
0.29671
0.29918
0.30167
0.30418
0.30671
0.30926
0.31183
0.31442
0.31704
0.31968
0.32233
0.32502
