0.0620000000
0.0625157221
0.0630357341
0.0635600716
0.0640887706
0.0646218673
0.0651593984
0.0657014007
0.0662479115
0.0667989682
0.0673546086
0.0679148709
0.0684797936
0.0690494153
0.0696237752
0.0702029126
0.0707868674
0.0713756796
0.0719693896
0.0725680381
0.0731716662
0.0737803154
0.0743940274
0.0750128442
0.0756368085
0.0762659630
0.0769003508
0.0775400156
0.0781850011
0.0788353517
0.0794911119
0.0801523269
0.0808190419
0.0814913027
0.0821691554
0.0828526466
0.0835418231
0.0842367323
0.0849374218
0.0856439397
0.0863563344
0.0870746550
0.0877989506
0.0885292710
0.0892656662
0.0900081869
0.0907568839
0.0915118086
0.0922730129
0.0930405490
0.0938144695
0.0945948276
0.0953816767
0.0961750710
0.0969750647
0.0977817129
0.0985950709
0.0994151945
0.1002421399
0.1010759640
0.1019167238
0.1027644773
0.1036192824
0.1044811978
0.1053502828
0.1062265969
0.1071102002
0.1080011535
0.1088995178
0.1098053548
0.1107187266
0.1116396959
0.1125683260
0.1135046805
0.1144488237
0.1154008203
0.1163607358
0.1173286359
0.1183045871
0.1192886564
0.1202809113
0.1212814198
0.1222902507
0.1233074731
0.1243331569
0.1253673724
0.1264101906
0.1274616831
0.1285219220
0.1295909801
0.1306689307
0.1317558478
0.1328518060
0.1339568805
0.1350711471
0.1361946823
0.1373275632
0.1384698675
0.1396216735
0.1407830605
0.1419541079
0.1431348962
0.1443255065
0.1455260204
0.1467365202
0.1479570891
0.1491878109
0.1504287699
0.1516800513
0.1529417410
0.1542139255
0.1554966922
0.1567901291
0.1580943250
0.1594093692
0.1607353522
0.1620723647
0.1634204987
0.1647798466
0.1661505017
0.1675325581
0.1689261105
0.1703312546
0.1717480869
0.1731767045
0.1746172055
0.1760696887
0.1775342538
0.1790110013
0.1805000326
0.1820014497
0.1835153558
0.1850418547
0.1865810512
0.1881330509
0.1896979602
0.1912758867
0.1928669385
0.1944712248
0.1960888557
0.1977199422
0.1993645963
0.2010229308
0.2026950594
0.2043810970
0.2060811592
0.2077953627
0.2095238251
0.2112666651
0.2130240021
0.2147959569
0.2165826510
0.2183842069
0.2202007484
0.2220324000
0.2238792875
0.2257415376
0.2276192781
0.2295126378
0.2314217467
0.2333467357
0.2352877370
0.2372448837
0.2392183101
0.2412081518
0.2432145451
0.2452376278
0.2472775386
0.2493344177
0.2514084061
0.2534996461
0.2556082813
0.2577344563
0.2598783171
0.2620400107
0.2642196855
0.2664174910
0.2686335781
0.2708680988
0.2731212065
0.2753930557
0.2776838025
0.2799936039
0.2823226184
0.2846710059
0.2870389275
0.2894265458
0.2918340245
0.2942615288
0.2967092254
0.2991772821
0.3016658684
0.3041751550
0.3067053141
0.3092565193
0.3118289456
0.3144227697
0.3170381695
0.3196753244
0.3223344154
0.3250156250
0.3277191372
0.3304451374
0.3331938128
0.3359653520
0.3387599451
0.3415777839
0.3444190617
0.3472839736
0.3501727161
0.3530854875
0.3560224875
0.3589839179
0.3619699817
0.3649808839
0.3680168310
0.3710780315
0.3741646953
0.3772770343
0.3804152621
0.3835795939
0.3867702470
0.3899874403
0.3932313944
0.3965023321
0.3998004778
0.4031260578
0.4064793003
0.4098604354
0.4132696951
0.4167073134
0.4201735261
0.4236685712
0.4271926883
0.4307461194
0.4343291083
0.4379419009
0.4415847450
0.4452578907
0.4489615900
0.4526960970
0.4564616680
0.4602585613
0.4640870377
0.4679473596
0.4718397921
0.4757646023
0.4797220594
0.4837124350
0.4877360030
0.4917930394
0.4958838226
0.5000086334
0.5041677548
0.5083614721
0.5125900732
0.5168538482
0.5211530898
0.5254880928
0.5298591548
0.5342665758
0.5387106581
0.5431917068
0.5477100292
0.5522659355
0.5568597383
0.5614917528
0.5661622968
0.5708716909
0.5756202582
0.5804083245
0.5852362185
0.5901042714
0.5950128172
0.5999621927
0.6049527377
0.6099847945
0.6150587085
0.6201748278
0.6253335035
0.6305350895
0.6357799429
0.6410684234
0.6464008941
0.6517777208
0.6571992725
0.6626659211
0.6681780419
0.6737360131
0.6793402160
0.6849910353
0.6906888586
0.6964340769
0.7022270846
0.7080682791
0.7139580612
0.7198968351
0.7258850083
0.7319229917
0.7380111997
0.7441500500
0.7503399639
0.7565813660
0.7628746848
0.7692203520
0.7756188032
0.7820704772
0.7885758170
0.7951352687
0.8017492827
0.8084183127
0.8151428163
0.8219232550
0.8287600941
0.8356538027
0.8426048539
0.8496137245
0.8566808957
0.8638068523
0.8709920833
0.8782370817
0.8855423448
0.8929083738
0.9003356741
0.9078247555
0.9153761317
0.9229903211
0.9306678461
0.9384092334
0.9462150144
0.9540857247
0.9620219043
0.9700240978
0.9780928544
0.9862287277
0.9944322760
1.0027040622
