1.0   1.50225976504e-24
1.2173570475   1.3927434879e-24
1.4819581811   1.39336557534e-24
1.80407223587   1.4319687662e-24
2.19620005054   1.41276904534e-24
2.67355960925   1.32055936803e-24
3.25467663224   1.03985678843e-24
3.9621035356   7.81334371494e-25
4.82329466199   5.75530062496e-25
5.87167174896   4.25214984551e-25
7.14792098421   3.02718182222e-25
8.70157198512   2.12629871539e-25
10.5929199804   1.46465314048e-25
12.8953657918   9.8441676704e-26
15.6982644268   6.46381653119e-26
19.1103928335   4.22249432056e-26
23.2641713964   2.68922066187e-26
28.3208030037   1.69643430602e-26
34.4765291275   1.09607182527e-26
41.9702457068   6.60207778709e-27
51.0927743965   3.9883427762e-27
62.1981489881   2.3792971516e-27
75.7173550122   1.42938733818e-27
92.1750557424   8.01842803019e-28
112.209953712   4.50127565957e-28
136.599577951   2.8129638043e-28
166.290458905   1.72016951509e-28
202.43486208   9.19245106358e-29
246.435506013   4.43391772467e-29
300.0   2.11644822797e-29