1.0   4.68568135934e-24
1.2173570475   2.58676437231e-24
1.4819581811   2.10699316453e-24
1.80407223587   1.63575175806e-24
2.19620005054   1.35187782921e-24
2.67355960925   1.06225102384e-24
3.25467663224   8.24730259018e-25
3.9621035356   6.39895633638e-25
4.82329466199   4.79680855236e-25
5.87167174896   3.53906603435e-25
7.14792098421   2.55804228625e-25
8.70157198512   1.80323672637e-25
10.5929199804   1.24694954599e-25
12.8953657918   8.58777686189e-26
15.6982644268   5.74343675137e-26
19.1103928335   3.70576554476e-26
23.2641713964   2.36698652121e-26
28.3208030037   1.52655369687e-26
34.4765291275   9.36391210577e-27
41.9702457068   6.63062951282e-27
51.0927743965   3.93028512948e-27
62.1981489881   2.30776628829e-27
75.7173550122   1.31053900178e-27
92.1750557424   7.14151974579e-28
112.209953712   3.71636696467e-28
136.599577951   2.06699048417e-28
166.290458905   1.40444357897e-28
202.43486208   7.53691642389e-29
246.435506013   3.30531000315e-29
300.0   1.54839185898e-29