1.0   5.56109251678e-24
1.2173570475   3.2135008308e-24
1.4819581811   2.43650683227e-24
1.80407223587   1.78682983206e-24
2.19620005054   1.4740931737e-24
2.67355960925   1.13392373207e-24
3.25467663224   8.39706576411e-25
3.9621035356   6.1856458859e-25
4.82329466199   4.64334465217e-25
5.87167174896   3.45112546407e-25
7.14792098421   2.50094888607e-25
8.70157198512   1.80912117395e-25
10.5929199804   1.20088358787e-25
12.8953657918   8.1957568532e-26
15.6982644268   5.69678879931e-26
19.1103928335   3.93887560889e-26
23.2641713964   2.37032227356e-26
28.3208030037   1.46738330023e-26
34.4765291275   9.62349088733e-27
41.9702457068   6.04603306754e-27
51.0927743965   3.55275961586e-27
62.1981489881   2.13189303566e-27
75.7173550122   1.26923948681e-27
92.1750557424   6.86873500832e-28
112.209953712   3.62777469395e-28
136.599577951   2.10811195572e-28
166.290458905   1.30142860956e-28
202.43486208   7.16892395317e-29
246.435506013   3.72511002065e-29
300.0   1.93373359969e-29