1.0   4.80723124479e-25
1.2173570475   5.5030352413e-25
1.4819581811   5.49814523937e-25
1.80407223587   4.9471807193e-25
2.19620005054   4.84807722838e-25
2.67355960925   5.05391345928e-25
3.25467663224   4.70335223947e-25
3.9621035356   4.83777019051e-25
4.82329466199   4.5504995985e-25
5.87167174896   3.90279907213e-25
7.14792098421   2.88555535369e-25
8.70157198512   1.99812550213e-25
10.5929199804   1.34153318424e-25
12.8953657918   9.29888891437e-26
15.6982644268   6.05194703207e-26
19.1103928335   3.89163509116e-26
23.2641713964   2.43826826672e-26
28.3208030037   1.57011901627e-26
34.4765291275   1.02103037006e-26
41.9702457068   6.27166719462e-27
51.0927743965   3.85978141726e-27
62.1981489881   2.26759090775e-27
75.7173550122   1.37771763296e-27
92.1750557424   8.15959643589e-28
112.209953712   5.28733110222e-28
136.599577951   2.48289810031e-28
166.290458905   1.36806465434e-28
202.43486208   6.38424576343e-29
246.435506013   3.01425492279e-29
300.0   1.82133573135e-29